0 0 0 0 0 0 0 0 0 0 0 0 0 0 0 0 0 0 0 0 0 0 0 0 0 0 0 0 0 0 0 0 0 0 0 0 0 0 0 0 0 0 0 0
0 0 0 0 0 0 0 0 0 0 0 0 0 0 0 0 0 0 0 0 0 0 0 0 0 0 0 0 0 0 0 0 0 0 0 0 0 0 0 0 0 0 0 0
0 0 0 0 0 0 0 0 0 0 0 0 0 0 0 0 0 0 0 0 0 0 0 0 0 0 0 0 0 0 0 0 0 0 0 0 0 0 0 0 0 0 0 0
0 0 0 0 0 0 0 0 0 0 0 0 0 0 0 0 0 0 0 0 0 0 0 0 0 0 0 0 0 0 0 0 0 0 0 0 0 0 0 0 0 0 0 0
0 0 0 0 0 0 0 0 0 0 0 0 0 0 0 0 0 0 0 0 0 0 0 0 0 0 0 0 0 0 0 0 0 0 0 0 0 0 0 0 0 0 0 0
0 0 0 0 0 0 0 0 0 0 0 0 0 0 0 0 0 0 0 0 0 0 0 0 0 0 0 0 0 0 0 0 0 0 0 0 0 0 0 0 0 0 0 0
0 0 0 0 0 0 0 0 0 0 0 0 0 0 0 0 0 0 0 0 0 0 0 0 0 0 0 0 0 0 0 0 0 0 0 0 0 0 0 0 0 0 0 0
0 0 0 0 0 0 0 0 0 0 0 0 0 0 0 0 0 0 0 0 0 0 0 0 0 0 0 0 0 0 0 0 0 0 0 0 0 0 0 0 0 0 0 0
0 0 0 0 0 0 0 0 0 0 0 0 0 0 0 0 0 0 0 0 0 0 0 0 0 0 0 0 0 0 0 0 0 0 0 0 0 0 0 0 0 0 0 0
0 0 0 0 0 0 0 0 0 0 0 0 0 0 0 0 0 0 0 0 0 0 0 0 0 0 0 0 0 0 0 0 0 0 0 0 0 0 0 0 0 0 0 0
0 0 0 0 0 0 0 0 0 0 0 9 8 7 0 0 0 1 0 0 0 0 0 0 0 0 12 13 0 0 0 0 12 13 0 0 0 0 0 0 0 0 0 0
0 0 0 0 0 0 0 0 0 0 0 5 5 5 0 0 0 0 0 3 1 0 0 0 0 0 10 11 0 0 0 0 11 11 0 0 0 0 0 0 0 0 0 0
0 0 0 0 0 0 0 0 0 0 0 5 6 5 9 8 7 0 3 3 3 0 0 3 0 0 11 10 11 10 11 11 10 11 0 0 0 0 0 0 0 0 0 0
0 0 0 0 0 0 0 0 0 0 1 0 18 20 5 5 5 0 0 2 0 0 3 3 3 0 10 15 11 10 10 10 14 10 0 0 0 0 0 0 0 0 0 0
0 0 0 0 0 0 0 0 0 0 9 8 7 17 5 6 5 0 0 0 0 1 0 2 0 0 10 11 10 10 10 10 11 10 0 0 0 0 0 0 0 0 0 0
0 0 0 0 0 0 0 0 0 0 5 5 5 17 1 17 0 0 0 0 0 0 0 0 0 0 10 10 10 10 10 11 10 11 0 0 0 0 0 0 0 0 0 0
0 0 0 0 0 0 0 0 0 0 5 6 5 18 16 21 16 16 16 16 16 16 16 16 16 16 16 16 16 23 22 0 3 0 0 0 0 0 0 0 0 0 0 0
0 0 0 0 0 0 0 0 0 0 0 3 0 9 8 7 0 0 0 0 3 0 0 0 0 0 0 0 0 0 0 3 3 3 0 0 0 0 0 0 0 0 0 0
0 0 0 0 0 0 0 0 0 0 3 3 3 5 5 5 0 0 0 3 3 3 0 0 0 0 0 0 0 0 1 0 2 0 0 0 0 0 0 0 0 0 0 0
0 0 0 0 0 0 0 0 0 0 0 2 0 5 5 5 0 0 0 0 2 0 0 0 0 0 0 0 0 0 0 1 0 0 0 0 0 0 0 0 0 0 0 0
0 0 0 0 0 0 0 0 0 0 0 0 0 0 3 0 0 0 0 0 0 3 0 0 0 0 0 0 0 0 0 9 8 7 0 0 0 0 0 0 0 0 0 0
0 0 0 0 0 0 0 0 0 0 0 0 0 3 3 3 0 0 0 0 3 3 3 0 0 0 1 0 0 0 1 5 5 5 0 0 0 0 0 0 0 0 0 0
0 0 0 0 0 0 0 0 0 0 0 3 0 0 2 0 3 0 0 0 0 2 0 0 1 0 0 0 1 0 0 5 6 5 0 4 4 4 4 4 4 4 4 4
0 0 0 0 0 0 3 0 0 0 3 3 3 0 0 3 3 3 0 0 3 0 0 0 0 1 0 1 0 0 1 0 0 0 0 4 4 4 4 4 4 4 4 4
0 0 0 0 0 3 3 3 0 3 0 2 0 0 0 0 2 0 0 3 3 3 0 0 0 0 1 0 0 0 0 0 0 1 4 4 4 4 4 4 4 4 4 0
0 0 0 3 0 0 2 0 3 3 3 0 3 3 3 0 0 3 0 0 2 0 3 0 0 0 1 0 0 1 0 0 0 4 4 4 4 4 4 4 4 4 4 0
0 0 3 3 3 0 0 0 0 2 0 3 3 3 3 3 3 3 3 0 0 3 3 3 0 1 0 1 0 1 0 4 4 4 4 4 4 4 4 4 4 4 4 0
0 0 0 2 0 0 0 0 0 1 0 3 2 2 2 3 0 2 0 0 3 0 2 0 0 0 0 0 0 4 4 4 4 4 4 4 4 4 4 4 4 4 4 0
0 0 0 0 0 0 0 0 3 0 0 0 2 2 2 0 0 0 0 3 3 3 0 0 0 0 0 1 0 4 4 4 4 4 4 4 4 4 4 4 4 4 4 0
0 0 0 0 3 0 1 3 3 3 0 0 2 6 2 0 0 0 0 0 2 1 0 3 0 0 0 0 4 4 4 18 4 4 4 4 4 4 4 4 4 4 4 0
0 0 0 3 3 3 0 0 2 0 0 3 0 0 0 0 0 3 0 0 1 0 3 3 3 0 0 0 0 0 0 0 4 4 4 4 4 4 4 4 4 4 4 0
0 0 0 0 2 0 3 3 0 0 3 3 3 0 3 0 3 3 3 0 3 0 17 2 0 0 0 0 0 0 4 4 4 4 4 4 4 4 4 4 4 4 4 0
0 0 0 0 0 3 3 3 3 0 0 2 0 3 3 3 0 2 0 3 3 3 0 0 0 0 0 4 4 4 4 4 4 4 4 4 4 4 4 4 4 4 4 0
0 0 0 0 0 3 2 2 3 0 3 0 0 1 2 0 0 0 0 0 2 0 0 0 0 4 4 4 4 4 4 4 4 4 4 4 4 4 4 4 4 4 4 0
0 0 0 0 3 0 2 2 0 3 3 3 0 0 0 1 0 0 0 0 0 3 4 4 4 4 4 4 4 4 4 4 4 4 4 4 4 4 4 4 4 4 4 4
0 0 0 3 3 3 0 0 0 1 2 0 3 0 0 0 3 0 0 0 3 3 3 4 4 4 4 4 4 4 4 4 4 4 4 4 4 4 4 4 4 0 0 0
0 0 0 0 2 0 0 3 0 0 0 3 3 3 0 3 3 3 0 1 0 2 0 0 4 4 4 4 4 4 4 4 4 4 4 4 4 4 4 4 4 4 0 0
0 0 0 0 0 0 3 3 3 0 0 0 2 0 0 0 2 0 0 0 0 0 0 4 4 4 4 4 4 4 4 4 4 4 4 4 4 4 4 4 4 4 4 0
0 0 0 0 0 0 0 2 0 0 0 1 0 0 3 1 0 0 0 0 0 0 1 0 4 4 4 4 4 4 4 4 4 4 4 4 4 4 4 4 4 4 4 4
0 0 0 0 0 0 0 0 0 0 0 0 0 3 3 3 0 0 0 0 0 0 0 0 0 4 4 4 4 4 4 4 4 4 4 4 4 4 4 4 4 4 4 4
0 0 0 0 0 0 0 0 0 0 0 0 0 0 1 0 0 0 0 0 0 0 0 0 0 0 0 0 0 0 0 0 0 0 0 0 0 0 0 0 0 0 0 0
0 0 0 0 0 0 0 0 0 0 0 0 0 0 0 0 0 0 0 0 0 0 0 0 0 0 0 0 0 0 0 0 0 0 0 0 0 0 0 0 0 0 0 0
0 0 0 0 0 0 0 0 0 0 0 0 0 0 0 0 0 0 0 0 0 0 0 0 0 0 0 0 0 0 0 0 0 0 0 0 0 0 0 0 0 0 0 0
0 0 0 0 0 0 0 0 0 0 0 0 0 0 0 0 0 0 0 0 0 0 0 0 0 0 0 0 0 0 0 0 0 0 0 0 0 0 0 0 0 0 0 0
